source_connected:
(4, 0)
(2, 1)
(3, 0)

dest_connected:
(4, 4)
(4, 0)
(3, 3)
(3, 4)

adjacency:
(2, 1)
	(3, 0)
(2, 4)
	(3, 3)
	(3, 4)
(3, 0)
	(4, 0)
	(2, 1)
(3, 3)
	(2, 4)
	(3, 4)
(3, 4)
	(4, 4)
	(2, 4)
	(3, 3)
(4, 0)
	(3, 0)
(4, 4)
	(3, 4)

I:
0	:	(2, 1)	= 1.0
1	:	(2, 4)	= 0.0
2	:	(3, 0)	= 1.0
3	:	(3, 3)	= 0.0
4	:	(3, 4)	= 0.0
5	:	(4, 0)	= 1.0
6	:	(4, 4)	= 0.0

G:
2010000
0201100
1030010
0103100
0101401
0010030
0000102

V:
0	:	(2, 1)	= 0.9230769230769231
1	:	(2, 4)	= 0.0
2	:	(3, 0)	= 0.8461538461538461
3	:	(3, 3)	= 0.0
4	:	(3, 4)	= 0.0
5	:	(4, 0)	= 0.6153846153846154
6	:	(4, 4)	= 0.0
